0 1
1 2
2 8
3 45
4 307
5 2385
6 20362
7 186812
8 1814156
9 18448851
10 194918129
11 2126727740
12 23851451467
13 273933495070
14 3212156871415
15 38361738616231
16 465650126440663
17 5735000053839573
18 71562437009319428
19 903591224763104108
20 11532564010246016545
21 148641475643196214472
22 1933120008547713112793
23 25349510752906669559450
24 334962214534210371082288
25 4457505281569555328680952
26 59708815762896150421252687
27 804709377924399014912001786
28 10907289522711370975480275457
29 148631921865399937347378399697
30 2035542192339180628625799982391
31 28008467330464434689167319750864
32 387097057971666713569102366617460
33 5372322097946255809297813160587573
34 74854058974945869810160516668963186
35 1046857213608936790092782150311682479
36 14692417519905436991829689094738524919
37 206897033746954914680611372076190084198
38 2922791400846059468938314243904948012177
39 41414898905714760225709932607277982877795
40 588529312653141340416324927707726013415652
41 8386372303315442392999455130620449035311532
42 119817575371400206927446082183390047219494895
43 1716155652791788907598706875948586062954279780
44 24639692897219231804621489692234502807873316224
45 354578253327448354564614154677842395812950233956
46 5113821677948870616482999043090431817316357263480
47 73908904891849173535216088185239924149095224094167
48 1070357905210899985510993760198396559816775186304090
49 15531301663421171879463086051934926329812938210056664
50 225787955707875379557945515162386880328722148086975092
51 3288342981358598593245219997455298217399766759494871696
52 47974218416132937100836411756086352246461959990965960956
53 701077107255822670258756259572371363828506788282463377174
54 10261830235149591505439879417673702419134345856718613802565
55 150439011789819264430308898027568631560960460854640674612942
56 2208764624404882877862423089955476416158194620122010200984803
57 32476529952710281480203995201442355086169153908646429597894359
58 478189478398095404890374382053675502792822086138951535330930600
59 7050512034494081745375864156229769330547496745872688518713142777
60 104090846795150994531998280965973346705417087025525416344801493269
61 1538712796537062231350920965265124636178126861194184379751580478642
62 22773955970277973935460701334700296462360809025344810635633451290468
63 337472832523723113404642498847553704779996201608431504202993662165525
64 5006599762037488650521110765422177542192155629854301253778524006760683
65 74359359622634187242440198631145178514998054725321377101523720505475881
66 1105612064222658084663285884322694494484367553940463690898041114137873869
67 16456237012630066702976235113067835213534837792580424535508827915104364045
68 245191718669105567053693113266227314007978658263294726535471670744469853254
69 3656924367693299075301231731265103075246879752932243291175891985311027056219
70 54594515458904745712270978231526594876668457934013729357543902308760336187677
71 815818117308089410411942942565712148944364113734978293194410444064261745956587
72 12202192482259240956733644891010402061237569262665553192161547876616986351108687
73 182671981567509692010441405910980465093710093825622181973981017191665491842624080
74 2737066301672960565115355766544220400116800665556165922947438871478636235493367179
75 41045747557016330561797045563847309646031820128683671904038357599653098296974698562
76 616043016315688300292192511660666650655143096994019203320446180111638415559735104459
77 9253474349140403239606282215983979245523498353463694919498566260377772985405800904303
78 139104369497366768243407947831163362484247305588629324546005296505511419962538935001577
79 2092716721573415847009518103309952035258017324547336016126882358127618667770862661921288
80 31506903045951001632607814179163085655002590007444808868476820931643125864957899408626869
81 474699479435820259721310965094180596195873794509764929983626241882488416297097800678727420
82 7157181124277910118969231109904240333360276985343056891135323566040531797983549306711197889
83 107986182064935980844644614631101450243786646902667195843235665986523811789773950572494935991
84 1630385327663544327610955023489195495692668171948389434326919657959319124600851639308263620686
85 24632099593523763318352315259291107817324051900792591922382314271883224246591896404096903727046
86 372387545221266151263943615422160326746249269532942627379426426789988212015229039003301226548907
87 5633328345669732184248149209040864159709224152107254896193046060075549379864581533584672950516198
88 85271726865955673706071432498584477736026057033422423615838645581101279684481166895324040372815696
89 1291543978857566119226574374575304301398198013904936346979887223157654151417488732791991880084239382
90 19573647140858213027914285551417569976976893852511585260550138361910355192392346648565833177525260375
91 296815910352192039626551871898016449167957673526499677183464446161497586990888532752302018714989660523
92 4503499234088756988978491366835675898615181618188073636946306455024094282588376860534236182440659778227
93 68368381901179933870124430694122850772602039498569304843254010845603424183910380925160914393003280628631
94 1038479102162619077653327755246065148426267076050141925765745471661421414621649583207512126129084265629933
95 15782383378319008566545164173948938217146119570132000122354899256259002260557700197056314092999024317487889
96 239979999782162733993702147287658789544326253593382609645860942314486633294345495706170168597283441409543675
97 3650905139146591379593134204047492748224146062797911310120940860306626939774331680661360720645896111635616640
98 55570542368940039786637088021090446097307559513688912129440242191595548449748910567649914178447446437871408787
99 846258388043156875114194218994483994771126047092152668689405439789730376646150517354884284574880124177290560739
100 12893517273291262906302360848763524393224826137296097539781518689753516677885240990846151827934091349697162869306
