1 2
2 4
3 13
4 7
5 33
6 114
7 11
8 71
9 321
10 1146
11 16
12 136
13 781
14 3449
15 12578
16 22
17 239
18 1702
19 9115
20 39614
21 146581
22 29
23 393
24 3403
25 21743
26 111063
27 477097
28 1784114
29 37
30 613
31 6349
32 47737
33 283243
34 1398211
35 5953639
36 22443232
37 46
38 916
39 11191
40 97861
41 667684
42 3754186
43 18060127
44 76372470
45 289721772
46 56
47 1321
48 18811
49 189377
50 1472692
51 9358669
52 50514377
53 238153202
54 1001541696
55 3818789778
56 67
57 1849
58 30372
59 348899
60 3068539
61 21887834
62 131743503
63 688639194
64 3194437984
65 13373224421
66 51205458186
67 79
68 2523
69 47373
70 616110
71 6086107
72 48429733
73 323272561
74 1864174976
75 9495319913
76 43464585113
77 181272633907
78 696532306614
79 92
80 3368
81 71709
82 1048503
83 11561642
84 102069514
85 751832771
86 4761367443
87 26520588680
88 132236122708
89 598618430151
90 2488590486429
91 9590979868122
92 106
93 4411
94 105736
95 1727321
96 21143606
97 206059499
98 1667339898
99 11548865495
100 70078003054
101 379300185021
102 1857782312232
103 8331111981255
104 34539110607474
105 133456745720613
106 121
107 5681
108 152341
109 2764885
110 37381493
111 400348681
112 3543943003
113 26746719183
114 176197827591
115 1031927591079
116 5452407477195
117 26303158183659
118 117004562821239
119 483921177263289
120 1874038107800370
121 137
122 7209
123 215017
124 4313513
125 64120941
126 751541101
127 7250681357
128 59419342481
129 423604102257
130 2676544673985
131 15214266615513
132 78754255586601
133 374991125855403
134 1656405608440539
135 6836461787761635
136 26527162393038300
137 154
138 9028
139 297943
140 6576247
141 107034568
142 1367731822
143 14331698089
144 127123378669
145 977865021910
146 6647688980744
147 40548890168311
148 224684700436637
149 1142633546925532
150 5379240107518334
151 23615398951576915
152 97288021862075240
153 378160443213077840
154 172
155 11173
156 406069
157 9819619
158 174323728
159 2420149891
160 27454836829
161 262810351517
162 2175347577004
163 15870586882969
164 103634083202643
165 613345305233297
166 3324463974926096
167 16647728817343449
168 77596073675006215
169 338808666361587520
170 1393499500610322560
171 5424985742151048640
172 191
173 13681
174 545206
175 14388701
176 277632865
177 4174139014
178 51113546351
179 526580430957
180 4678190729947
181 36541349149781
182 254878254118040
183 1607833358152847
184 9270293501850823
185 49288861179063688
186 243496009636055827
187 1124984934757982816
188 4888347701335897428
189 20076012885083192254
190 78266294077222701884
191 211
192 16591
193 722121
194 20724698
195 433225381
196 7032750215
197 92702518851
198 1025220109241
199 9752724143403
200 81378916859231
201 605057969800045
202 4060360781686226
203 24857451466156901
204 140082241924652083
205 732276915043899911
206 3574368643775191500
207 16384829520573098606
208 70888757218878560766
209 290749822868879161298
210 1134914052039617826556
211 232
212 19944
213 944637
214 29385357
215 663477970
216 11597130502
217 164135071519
218 1943970929517
219 19757398333652
220 175748955206540
221 1390171281528077
222 9906025926859929
223 64280754829741302
224 383327951788574242
225 2117103556705641835
226 10901859390578516362
227 52646329775284922784
228 239635551663376681472
229 1032745923392461383002
230 4230745296698268266330
231 16533150041398162481652
232 254
233 23783
234 1221738
235 41068479
236 998759246
237 18748994089
238 284233212803
239 3597152078213
240 38978585324174
241 368908708695331
242 3098766437081234
243 23406349607178543
244 160730040480989958
245 1012699169353143449
246 5900619196261456321
247 32010260460380591474
248 162633619653553121948
249 777853107726541100318
250 3518212752721885354924
251 15108849418888357671326
252 61827718920137363728524
253 241864981527737908603698
254 277
255 28153
256 1563679
257 56638835
258 1479768251
259 29761787297
260 482203552068
261 6507337662489
262 75032429178225
263 754179322259491
264 6715660000488697
265 53683341192403003
266 389507529860967209
267 2589165202899756350
268 15893578558971519911
269 90714316061344140282
270 484292491501997070378
271 2430983861051527909374
272 11526454741188825306490
273 51834644307508402175146
274 221888608063653361389172
275 907102326441750551067173
276 3551882450843532355344074
277 301
278 33101
279 1982101
280 77158801
281 2160419111
282 46448736991
283 802618425331
284 11527082826476
285 141170728934986
286 1504359935544646
287 14177567404735526
288 119753841826109116
289 916738420983955261
290 6420212424638366321
291 41465406344930526721
292 248691135399768328396
293 1393434542040710798696
294 7332558848299867327696
295 36407283886900109716996
296 171268862119251329393036
297 766172299437195711895381
298 3270148614860045148679141
299 13356543802653760328734121
300 52344993954681553811905996
301 326
302 38676
303 2490151
304 103923041
305 3111369756
306 71357840386
307 1312457413931
308 20023103613306
309 260005872859396
310 2932664334989936
311 29206428108758616
312 260297184871319311
313 2099445527094073136
314 15470294271679027986
315 104994779889068297761
316 660916047250219283336
317 3882173719617309039936
318 21392867826198202622536
319 111114831301490644293746
320 546259019478871510796331
321 2551342053955198317624076
322 11358877410886887665581406
323 48351305263139894955904881
324 197320275976432184479642354
325 773930110669188742440251108
326 352
327 44929
328 3102607
329 138497581
330 4424305276
331 108026049457
332 2110936422349
333 34150855156822
334 469427706044896
335 5595631362264646
336 58802660591628487
337 552192357401406919
338 4686347338877614612
339 36289123099195456891
340 258501071645597798581
341 1705899576565409745232
342 10493377533490337620744
343 60490345293332966426992
344 328345103357274588808081
345 1685322283099574382057511
346 8210724628098661530224692
347 38097485075161009670236099
348 168870083189218410411992587
349 717051315534678808177644430
350 2924008272534085392565026544
351 11477074177442416103069545246
352 379
353 51913
354 3836008
355 182763631
356 6217100191
357 161307467434
358 3343067381683
359 57258266134678
360 831855800045056
361 10463912160826531
362 115870287098524714
363 1144978155988446853
364 10211934640250152873
365 83000773386730167496
366 619859332819573683241
367 4283785620141347428924
368 27566057502643843977958
369 166070931427176458890003
370 941172643263473848636756
371 5039116114970543503921021
372 25586105356729249348477189
373 123624620669729520789621898
374 570160346362864459344879193
375 2517061666765854242275285318
376 10663466632108203703504217668
377 43452669189427912159247664297
378 170674286432891023562954412114
379 407
380 59683
381 4708789
382 238966526
383 8639998711
384 237793352737
385 5218160453093
386 94471780265644
387 1448496562994851
388 19201108685105771
389 223749940813064617
390 2323683817433074978
391 21753962785273124099
392 185375727421937878321
393 1449839585232674016001
394 10482141887653918629212
395 70494252732626436769273
396 443415478891150495102309
397 2621348873019408433620011
398 14627351727235072195146826
399 77340154487605095122020297
400 388816032939681982808322503
401 1864393276418643791016779899
402 8550902542433751070978980412
403 37608223766801339375063062133
404 158989201678232131684076394101
405 647437029341546764305152510559
406 2544644874621642710274838998102
407 436
408 68296
409 5741421
410 309770171
411 11882967994
412 346345165490
413 8034812739483
414 153536827231897
415 2481012465387376
416 34612097659518652
417 423915828529056829
418 4621319058856698555
419 45361326137225241518
420 404828770712540396206
421 3312428423197800303215
422 25029015971257520307783
423 175749578491332572657812
424 1153179431645802001304944
425 7105138404894121835763931
426 41286465582929595349452253
427 227137690732484206334174862
428 1187224029650250549705542534
429 5914335287614905685167611965
430 28161020562324935127189525479
431 128495289213291627984152371512
432 563184920493175637649471668220
433 2376191696675017162369693339699
434 9670370727264414093624111949301
435 38030487384681899060340752457258
436 466
437 77811
438 6956556
439 398317389
440 16184396518
441 498765845359
442 12214334977228
443 246009625741933
444 4184034449405314
445 61353546918394087
446 788839925109038964
447 9016848391208221977
448 92696510872826053062
449 865509618739854355171
450 7401618039373691986018
451 58395746466259255834831
452 427745958824069090164318
453 2925212805949156258356253
454 18768667481445377908062340
455 113479064137380739156636131
456 649091086578234149655436170
457 3524782183048823179231958721
458 18229558517609918928072574876
459 90051000291820714050138770155
460 425998273638524593891215269566
461 1934520021150773820691408253249
462 8451549222865155330810106030076
463 35593532957279562690186060390911
464 144771270393733689827766804669658
465 569656748041360167778773377307717
466 497
467 88289
468 8379177
469 508296585
470 21841328009
471 710639032561
472 18345064235957
473 388929314164741
474 6953354670354421
475 107044790203128869
476 1443174236318279549
477 17278021926937416813
478 185841548467699587429
479 1813616861335380441929
480 16194587518939824314971
481 133287370195953009039551
482 1017586649932406979790447
483 7246872519599032504866991
484 48381562850782437205532039
485 304141529323784414608260215
486 1807394816176891900411987527
487 10189520488582767918059284839
488 54672679699269959977658534747
489 280004788013590255356799764163
490 1372423208322769852152390713459
491 6453381835875502311176739476787
492 29175914279287337763503448499499
493 127081497051362056451968375998307
494 534286543500127555058377949701047
495 2171957510682502833776679378723801
496 8550841918339536905395741965439794
497 529
498 99793
499 10036753
500 644015153
501 29221440953
502 1002371096057
503 27240612013209
504 607140635639209
505 11396549311899577
506 183982573937511097
507 2598142345077159433
508 32546052347339433721
509 365896457971781355581
510 3728591539500461850173
511 34733284246911321865853
512 297956560686006591155457
513 2368927402887402267089089
514 17554629094827419055868129
515 121854253292151923677610401
516 795846252511452632728244401
517 4910039003889730713859645969
518 28718519147626318077498867953
519 159758638768276003822490762993
520 847744867355412552971785861817
521 4302527069293007178798190522041
522 20936227529229925940842076256089
523 97894824126607889521498487098993
524 440756762012703930089200408927113
525 1914421713985490405695293645979179
526 8035897741553906745866249887090827
527 32650658059193106275229462561042843
528 128606288857489782145055374067357076
529 562
530 112388
531 11959399
532 810480067
533 38777004608
534 1400476677766
535 40015821129109
536 936489979809517
537 18435359280502990
538 311756143135507672
539 4606639724874334259
540 60318436781613723811
541 708125586405303630748
542 7528138280140012170530
543 73095149366271033150133
544 653013617268911874711481
545 5402445599453726471085994
546 41625308547725102007606892
547 300196370030392705738018207
548 2035530928122032271050539091
549 13029098047946348085309482392
550 79009792102253076737108773438
551 455399016724614163792371117989
552 2502253698011902288328610626869
553 13142179488233708704488760979206
554 66140592175562121818502558126192
555 319677513774572050096358081384823
556 1486959123768513592098799279287309
557 6668958921027580274853596601412620
558 28890512348371915223336618554547622
559 121087743869444563797548769721576059
560 491758061700654083419807685424957996
561 1937857098599820490010224886764094808
562 596
563 126141
564 14180041
565 1013486111
566 51061064664
567 1939155066871
568 58185071721377
569 1428184149421165
570 29452602044443492
571 521190048698675201
572 8050407621281847909
573 110078574664064565823
574 1348247793821469020120
575 14940345478567116757839
576 151077542137487062809661
577 1404471728661982645381817
578 12081390793653360628579540
579 96714213753306740284962469
580 724149723558170312121644417
581 5094327962830485715237210863
582 33807853021364605941548931832
583 212420728660916218530564088439
584 1267797115476610215074145578745
585 7208905730204070313349154449845
586 39159173613521105823440229550868
587 203713000761689564167856945497337
588 1017213020949931084016651741501379
589 4885627809880784472396942098795505
590 22614170301795759805909179108742344
591 101056875878139370377052624290995505
592 436709080028449150271382878586515811
593 1827783184181859987029026077610746204
594 7419623747624516450719282069245148848
595 29250986738827247606843293606099918956
596 631
597 141121
598 16734586
599 1259712217
600 66746135317
601 2662212155974
602 83788609217827
603 2154684937700677
604 46500955489682631
605 860224714088091143
606 13876312955008977756
607 197962952352325772153
608 2527435291553036442873
609 29169073889128007602856
610 306939526409422297898289
611 2966959170037092570676985
612 26517362699864850589020679
613 220394690176798474839609629
614 1712110373992691282178188526
615 12487909649312811907473857561
616 85869277903351052514788287965
617 558679537594391255075108280986
618 3450637405929862217973136269471
619 20293168728305096751890441734853
620 113946491117801457320506006329195
621 612402994994733760508738665411869
622 3157574492877189787339532802790480
623 15651812223012335697899577593141735
624 74733259129383870110838103410157663
625 344335101494302149602407033764970340
626 1533519621414484035064883461944437371
627 6611638068187321762011681427470185180
628 27635347992956372658361808024220399340
629 112134473064006343944904551704778718520
630 442257832339415066512259381380679897904
631 667
632 157399
633 19662097
634 1556826394
635 86645699569
636 3625391077459
637 119553791055703
638 3217617226885569
639 72596963733108489
640 1402597387547801781
641 23606993810581992991
642 351072939318113944742
643 4668316598873165879531
644 56066939964962504748757
645 613470880395088117852545
646 6161369598497331361605033
647 57174431828942920833504751
648 493029035899715223262179163
649 3971082152594838247453030405
650 30011635138758939600734500170
651 213691892969977869981458788637
652 1438800935892145984374802937279
653 9191188284085175858215861032507
654 55874293983255546242001201223657
655 324128140600000322383346421648019
656 1798781043616837801714872986682455
657 9571916118100961521894611942388445
658 48944098802174049735570429428302010
659 240953329011583393135153217341841689
660 1144149778513656726519053791093731471
661 5249027744491666519475781258598355235
662 23302243467818913037673122728471671860
663 100246557710252602481138767222556100080
664 418486620919537290207548233201916395040
665 1697395181328953362729350441168937482304
666 6697108641369952100443956988872764816688
667 704
668 175048
669 23004973
670 1913599745
671 111738846082
672 4899183954958
673 169099592843111
674 4758298289536151
675 112131463153231428
676 2260532466611906628
677 39662958856920964967
678 614363883654277062959
679 8501729871899879013874
680 106175300514151317959550
681 1207108126534854674088369
682 12587656232434334947483941
683 121193018859034355628102392
684 1083580512204642310691267152
685 9043293100663690113409240697
686 70772272096325437200894898181
687 521499543013692735526641922274
688 3631658846914014917341112490958
689 23981113074804734790726768639343
690 150614339876927694717927978441109
691 902191619852538074141028192117380
692 5167337286041795773437603449380020
693 28364795045825882056699565983687325
694 149542943955177239703453625984934845
695 758721420885726775115738852068885902
696 3711258871547064517818195260399763330
697 17531422553207141654442721513972505835
698 80103683219107572618930738428095362320
699 354537795060339865707735814877112249920
700 1522088531518642468033425859674207933760
701 6346559744479435211197258891246667726304
702 25732162574017141068185603530147574461056
703 101563973931320023282686009814680903621312
704 742
705 194143
706 26809134
707 2340030083
708 143198398942
709 6572207616989
710 237194410691421
711 6971656518592143
712 171437807144634850
713 3603121336743574673
714 65850082439531643306
715 1061529586110838635649
716 15275578703495972583282
717 198226559460358112008479
718 2339972111331282278528349
719 25317853796904102184216773
720 252743923767076441816158862
721 2341533987072703082021246811
722 20236147310858215129529399678
723 163893666027121853511985623031
724 1249096841142095286542919255062
725 8991758752307085415767694376873
726 61343574299791267879666523046379
727 397829420992054411583868775496285
728 2459452572666146709730428422861910
729 14531183399026601844376873266880835
730 82243306769192750750345692267064470
731 446860822582178350218031631366338395
732 2335495318318066338981547942331837846
733 11763022660717129613758883463334157765
734 57191593487900775932841439355483212855
735 268847837658396339823209406591467732320
736 1223720952372457992344307059943121039360
737 5400789090116737575039959767185781136160
738 23141390336680615963992531702898377867664
739 96383330687866872597534751935563214815008
740 390647439014845870731872905183008701097632
741 1542407494890421576325958623743255584746976
742 781
743 214761
744 31124211
745 2847475671
746 182422926271
747 8755237698169
748 330079180304758
749 10124505054881075
750 259572387108802379
751 5682707914785091061
752 108090242758026056347
753 1812016813451737624845
754 27095030917579798165239
755 365083377928105821789018
756 4471661569524215049952719
757 50166687371092915168477509
758 518935578191527128800788049
759 4978541749450557064708527749
760 44528028310350077126275519583
761 373006430034762645131489239643
762 2938680523069517783237643313587
763 21855721365162244731724539971949
764 153965699395206789628748187810040
765 1030537948953032597594368523578153
766 6572078476133067285808981227540241
767 40036336420143735219851984459530623
768 233529279210052321785871417914813609
769 1307088674209391450796495907249238007
770 7034192249646683080557377646185961113
771 36464706151265485470736931340679733220
772 182400485652083218209986141340925881795
773 881793579586036957939069616000294902160
774 4126110502524802613222970715208442439040
775 18713280238902959055755594071760336093672
776 82367722170641926393599612448949209097448
777 352281148182144191908540524327077768745896
778 1465687568953735526395096626081469596201260
779 5938510677353413127350991757671069481446302
780 23454965046416294509045794757932776093080764
781 821
782 236981
783 36003741
784 3448799625
785 231073044803
786 11586008393371
787 455870144753663
788 14579376871951968
789 389378748491859926
790 8872448533754568754
791 175506200637877700970
792 3057352743771506801184
793 47470596923392356310239
794 663692462887647003010659
795 8429160377390705049647355
796 97990504707402701016145185
797 1049684693871282616854905725
798 10422176709405507603615181325
799 96414938793086313038927558917
800 834900318349315405034431327001
801 6795784385515672669374942311235
802 52190428393233305887636376756811
803 379459535861381961097656830632151
804 2620027265747822265421904523654052
805 17228058958516169790694013820803942
806 108162754354960015856611513548242954
807 649918339230161412197785223342410362
808 3745645988008907419309273903447182852
809 20747031556342385763897702531002685427
810 110651099793343876452987278443672250559
811 569215431535210945227014918104704763479
812 2828893267814139178800012186843884130484
813 13602710091312072764467307868048207262124
814 63373832962116285131408116283622035691868
815 286442463141487683384686748938766816118372
816 1257589777883225796103083431588725982989460
817 5369244522400115048118103710262420527133462
818 22316611048175886437328548449540645370977302
819 90390922523455446417744105122878415889677982
820 357123224146672716878676172682261122075729800
821 862
822 260884
823 41505367
824 4158525533
825 291112470356
826 15234899332346
827 625058285607447
828 20825421131607926
829 578927990756567692
830 13719349399808796960
831 282018172043772641688
832 5101488255903769523901
833 82191877305651067204728
834 1191579700923987969713574
835 15682082437257690007896435
836 188794378197138578652927345
837 2093064084307338604919467430
838 21495298793251120761233518140
839 205561993387384491028117017991
840 1839108295692782678727691995925
841 15458075150297820654359282314492
842 122525518477183194827913380285234
843 918977930756017277245540415496287
844 6542449247472190959204894567933494
845 44336709880338045717243490042492764
846 286748600975929677544176970424762304
847 1774143255623623379421488386713598168
848 10523943230318942549390462689933771409
849 59972283545585126015881573886247157472
850 328942017908148766834395853930633506134
851 1739563853898185629276913789727140026903
852 8884156156029187610757849881425319268796
853 43883506075967215028067798854992615873768
854 209945601566966243319499924324328121008256
855 974100938152242836141880050134411647628680
856 4388621496272905291415932341240473119449034
857 19221244658707334755546530700437275071178568
858 81928700546448438968338179857398106659869204
859 340201300436031063965286358682843266429848942
860 1377525968451550778401292649311888064062234580
861 5444055351426781502277155763153344715100826280
862 904
863 286553
864 47691043
865 4993004857
866 364854298628
867 19911646712437
868 851125534774369
869 29518215671158674
870 853455218948118720
871 21018585052936210194
872 448673499051744994161
873 8422045777057063573437
874 140706546400499286762132
875 2113892185613294107887489
876 28811037344291890155581475
877 358980968319422925085870305
878 4116554514523214535568025320
879 43703373526788338109695604265
880 431811687367664548889657366683
881 3989396870593525729017336848321
882 34608265141933050818631844028644
883 282982096214702649057039023671693
884 2188446960941440182488163764881373
885 16057097077168538221677381478852090
886 112095808773595374574089841095164752
887 746510615715175855866061308154400858
888 4753870861001822032012697998488486521
889 29012283179335423615905648752142919481
890 170029632387209760566766796086627313732
891 958726811636565709430691715578162734429
892 5210183342835065404084742387102019294191
893 27334182382682646245550039491153413566892
894 138647808034677352473830209415064358208432
895 680908781259866573188787519752438441144460
896 3241971979525073541048262435460064545703742
897 14983493108727235164421657071486356963674098
898 67298641370428343331890891695316556552327816
899 294079283016272221339239833577446286225149226
900 1251512062478375730116389042387974586517512482
901 5192063267502558196111622066682604475682733260
902 21017322027054292963815216990966902126260471680
903 83085163405029686995226654181944373156918606540
904 947
905 314073
906 54627244
907 5970596699
908 455013036963
909 25873233076186
910 1151301460471559
911 41530778444836682
912 1247945910566481864
913 31916872421344377369
914 707018420564086121418
915 13762478581658736872847
916 238275841678033547040771
917 3707274911690876181869064
918 52295894010192948433213575
919 673996299520342402002521265
920 7990013669663734659098607515
921 87642606751502169067204937605
922 894229322779242906363087939824
923 8526904332839867721064627772931
924 76309137064261196880941418772627
925 643366218791273771157168255847838
926 5127841949266320014700157868568759
927 38758597220418916085481000794440138
928 278613374108512100093796546529800272
929 1909743571878224284019842144753161069
930 12512190165626475741769723472642108966
931 78530866229676017844778758898448096563
932 473136279644441920593585066798691398687
933 2741543022718352425850822890039070697884
934 15304943252418674926913199711992615795623
935 82453228542083334834914957411718565025412
936 429324789201406766588323810628271322630976
937 2163643991128283441396764795142068203785002
938 10567844498900031180029275041115538247165192
939 50087642659820441269971080164070290488510774
940 230636373981802990043320406120291604221022246
941 1032896852845377006350567367685663641096561828
942 4503694224028582317336636309540651702785776542
943 19137651392394308514065817815973554554597840860
944 79326330081766861660591538939385153882241403640
945 321021579800941432687672000845504139183619159250
946 1269398588288568249245755701567626767389875170980
947 991
948 343531
949 62385181
950 7111860526
951 564762945715
952 33433129065469
953 1547488229008921
954 58018574411486272
955 1810568772659181877
956 48055249465319174741
957 1103940108021378633895
958 22269562800082215801662
959 399312814443959330931793
960 6430360060411214597235443
961 93828500322653144236032127
962 1250145259240295390707729721
963 15312441476511998906276862923
964 173449420179963303650631871319
965 1826593206251161406677339510569
966 17968092619329243221663204974238
967 165803705993413537221240675794967
968 1440718968074373423449803592931089
969 11829370436448105911840733876514005
970 92068228395496308323963505881432852
971 681197409667012398345697411084642605
972 4803916592771541395597983598418878021
973 32368938547809964656846309478135457599
974 208852943455086352662915373918402986918
975 1293083952547275494748044247026181870793
976 7696894806223000512996316200669372983715
977 44124151462468438547416391313282957702727
978 244019656901874938659853947784096508551508
979 1303851073830514681578701016280376222064286
980 6740761167826241298903397027654799065332006
981 33763744734043826521058509583059168750172298
982 164058730942727246965292051145550370097026940
983 774226522716578329276388795641976401354045206
984 3552539397903588098673400562046293886823100394
985 15865944663181476927423577360259579643014057154
986 69036251299600365458003230789032718134566355336
987 292938745950220282809363943674031767351947342058
988 1213240161794166124304777140478143754898723849834
989 4908497667209444222646792261477433142053389148782
990 19414435186580748984564679025719384007006452914492
991 1036
992 375016
993 71041021
994 8439762463
995 697803287626
996 42972081246490
997 2067386349022771
998 80501928413255111
999 2607204904198142008
1000 71764950342723733636
1001 1708568177793244433595
1002 35696847112329460542881
1003 662506699048823509582706
1004 11035937638385894554521978
1005 166476739104951203386986031
1006 2291823903367319650149987325
1007 28988983148275804216558388276
1008 338924600489137741319853407536
1009 3682098239025485335994044497793
1010 37348024436164668588087758433531
1011 355195692601919237842983019103930
1012 3179528300587678516260929574436826
1013 26882108882073736613239761082702671
1014 215349536351184869955537607331037799
1015 1639303348142428611067091161978690528
1016 11889374675111329809961774193171461884
1017 82356772495323745433086216022310203643
1018 546076743038374438374988057294896157233
1019 3473134067525928643893883539572625409834
1020 21229318795359630127720328202431930808578
1021 124931143321577248689932513822323342386995
1022 708998315581460563739089435583871771662338
1023 3886247946273204399051042151767939458206008
1024 20604087478718276292190816179285549791668464
1025 105803579023756100503473835155590284177331178
1026 526891526561832390695272895397723509221813710
1027 2547605272463602448656086045484254648279856788
1028 11973428153378641928952343335394500715793452788
1029 54756717496514687016203934570826029513736843974
1030 243904505209352606169152800478093374362591712878
1031 1059187187906218371654033673331136304399234035600
1032 4488289105388943143865286045183494438894600112488
1033 18574121561808326077794816736594296846514025302518
1034 75127711123324050676470614825952602904849723675714
1035 297223929357373476547314272698903241052197466865668
1036 1082
1037 408619
1038 80676112
1039 9979895777
1040 858431125270
1041 54950662808467
1042 2745859077050174
1043 110969985805650507
1044 3727389131060029702
1045 106334386008839329865
1046 2622041175681936018512
1047 56703342404818178912099
1048 1088622341774888114429962
1049 18747829617944023016168617
1050 292217435794261250410910035
1051 4154410637176615286103996077
1052 54238770089349567455892495714
1053 654198358092173567844760413487
1054 7328572564571157762245172999872
1055 76613340799874216541261713064605
1056 750617760987253297078434288345902
1057 6918884290254939762875126035548199
1058 60210562111344291837287665391859022
1059 496259250602068963839097109988699475
1060 3885116296904552469992931268487246054
1061 28967666929544564432267933646285352961
1062 206204562773446662915852181565486848512
1063 1404547265072107495083145195833014413851
1064 9173428146456836893725536030043503641226
1065 57560103731783806141593480479421885531185
1066 347603096741499757652932919479717847096401
1067 2023678203779308124556487527232410700130322
1068 11375480136345024052535287210644455050278996
1069 61829941430890466048850064010935384585134726
1070 325400872332347134702189753230680857322747520
1071 1660284332365294765771221568209707183887065426
1072 8222605966005893043286011505515010054024799052
1073 39572017026610705741102037370087527502620093526
1074 185258702562455587333255468615618832586134338356
1075 844529105773665112742215881632670720296183093430
1076 3752372089954984695980688096886363647098142718476
1077 16264466375189973903411273824761357252573780666482
1078 68830843002212534944154324963709700790896803992256
1079 284631676116551172672280378172522617398835264674726
1080 1150985762506701228337283965346512799846599514055540
1081 4554664386160792634876909429044345604973106948344306
1082 1129
1083 444433
1084 91377213
1085 11760716189
1086 1051622350141
1087 69923828726969
1088 3626579480048463
1089 152011230109567523
1090 5292060958801262859
1091 156370784548475473211
1092 3991232247463011277879
1093 89288733723215506554983
1094 1772274356463082934538923
1095 31537349353763617906074289
1096 507650156711998631429058116
1097 7449448919907968604868123029
1098 100336947721925740938430703333
1099 1247912849058128828453793350553
1100 14408288206841251251816621244469
1101 155173173835013100818308593191401
1102 1565516548570959981818799724545149
1103 14853020076535251275608764802457723
1104 132987310600897740837059682443374273
1105 1127273472821579148080092302221302163
1106 9072715671158087175376066422072970323
1107 69517435891844767079218234459243051767
1108 508351908204776517679125428132551239259
1109 3555756210818649196988514474373654062299
1110 23839901207455341499109896725064477380837
1111 153505289970681515718622717457177417646598
1112 950977280301466072774975489834249590941607
1113 5677696494131009931478625542493131767860514
1114 32719583034194793563795607442875761265114594
1115 182268119843413808764485709315154535681483162
1116 982820756168920445724812778647962322507861778
1117 5136353144972626878723390279877256999593029642
1118 26048026865312222023304709880337556961825943634
1119 128329231830435578793965820322836471123619329054
1120 614851226166770597914046545805820996166088561442
1121 2867773043868669388046793637756347234210426405558
1122 13033532856612246799376426492217761848843652874102
1123 57771294185056448032754384549337109490383927509054
1124 249956127282227600699742213836632733459811652152414
1125 1056494241606084503596046026678847238239620438046442
1126 4365702644483696335076587298638399618260773254446828
1127 17649816663858409181959576456351343361097489244288997
1128 69859441672028177637829024122762778025001170998971594
1129 1177
1130 482553
1131 103236729
1132 13813792665
1133 1283121672421
1134 88557743990437
1135 4764011095775653
1136 206976592512620169
1137 7463622905211159065
1138 228287132757006343721
1139 6027911393774069202257
1140 139422922916392584474993
1141 2859562177957371880152279
1142 52551775623032852280808135
1143 873155169685419433665296431
1144 13218885691772708244639481672
1145 183595491043216606600422995988
1146 2353474717468461548311301386604
1147 27993826040115246593496352593260
1148 310454449890525740982702207687896
1149 3223911259266322873156271689797822
1150 31470443291553726478647890816220198
1151 289791008049735644157972296754383374
1152 2525339081537179742268706996792295032
1153 20887066457726764672323018892349989348
1154 164407774804639856719493939267972917196
1155 1234595626671178483896532141971055137344
1156 8864850693969769380551160569264239265192
1157 60992253569831306998213155376414210224865
1158 402883886515498638757976277302847247917513
1159 2559601338630288529663612093439807302630761
1160 15666894777501045093598195698548409509016084
1161 92532326984489043730080171903355705062226332
1162 528130376966399676081045893698805981684822700
1163 2916905869364105734460676002536611256354173708
1164 15609775848158687920434975986183661087428238036
1165 81038114269623718507128420128128649345868717264
1166 408596520703454903984447314279256761591217942592
1167 2002987852696201974848129606482163882826480792240
1168 9556074809236145826474108638398888140825335286228
1169 44413322068270427534296295262314106124490783202636
1170 201266679551141276093183935510818382129957225510044
1171 890075759550111461436455588372325003962692413692952
1172 3844419375119445340658450005812967237104395789086740
1173 16229961200395183391643253420581045989264781667382013
1174 67020037374349391881415599083103720395037300986901341
1175 270890787685903076228407859137561361582820383074514469
1176 1072441384400110175891013247851362301271337736157113672
1177 1226
1178 523076
1179 116352951
1180 16174074351
1181 1559542347896
1182 111649182861406
1183 6225780997444961
1184 280182396315230501
1185 10458926822283212246
1186 330954074118204648616
1187 9035327441499948508151
1188 215950328148802913953281
1189 4574283966058082435240796
1190 86773040855260054962118166
1191 1487444614720173392938913791
1192 23221054275209583384105333716
1193 332414358497952488555114109416
1194 4389931437745677388974028667216
1195 53770871789861750000400919151416
1196 613806647531289588202999248089546
1197 6558185346558376100579482263375936
1198 65840615795651951056355320766021556
1199 623297038375358864955971587072779566
1200 5581907976977706996595165762787266036
1201 47427654733209793053467908116460416104
1202 383363456786171183880541728971883886776
1203 2955251896046241421751621957604187605062
1204 21775793269566059529196141131550690222255
1205 153696990225588086442276153275955561442044
1206 1041160847506235772897915959254683610297266
1207 6781414102195130022833114763012969749370057
1208 42540943385815734374980395405515801568612540
1209 257432589687324037719052124827641794648737944
1210 1504976992089667232261289248407959712714933296
1211 8511492385022302729602714854169226663807983612
1212 46628715719229526223631814726148210232085769520
1213 247742987531397313068064212131607209906082460224
1214 1278046047380589327126385559303664580926750144576
1215 6408511243735989230886143833614253464076712043072
1216 31266203586683735727504714092501068483047296331420
1217 148565478468625471920553383739877363386816251325464
1218 688145420466975640823659893096812475911404972882536
1219 3109825261498798665660730754329070167570693539635022
1220 13722702779183484822456741609602491871398302639066075
1221 59173553114789663442342673324648322288787069061220004
1222 249528164788011008256192447240885635826609327122450466
1223 1029720562397994687243851458391846674060173425643833397
1224 4161179211650959104761525638560531242234294991061706100
1225 16477311302546542533596875986065371535624026545709168872
1226 1276
1227 566101
1228 130830301
1229 18880174331
1230 1888476467936
1231 140147829034571
1232 8095512954272661
1233 377161798292840661
1234 14565958655631665916
1235 476567828332272844321
1236 13444856775116621842831
1237 331880136487210116050821
1238 7256619181878867345836096
1239 142022407777785132855473021
1240 2510490106213973478845337971
1241 40395913325506781457226241196
1242 595761020023989512511620679696
1243 8102002796958561966332767266396
1244 102149384468139064631406205975666
1245 1199752882679070794970231063144586
1246 13183735632324413935587005531759776
1247 136072878864371718243582877504974986
1248 1323820043909405319615555482313377186
1249 12178977878239012258408967000283405692
1250 106266586326164583829725586025033664072
1251 881778856440635225079168717469886857964
1252 6975550631289426620272900528953380596717
1253 52728826854561732342641833073703490956147
1254 381670454417513644071434875212091459118880
1255 2650651529482625862676826816797217884783083
1256 17694275385708751186567170774927358468326369
1257 113727839166670433103218438878606403422428108
1258 704925189786445986929242569195359247554934288
1259 4219927478408534302969324756657796878632510012
1260 24431787711635951008431173351109051869194859016
1261 136980596271249567147716264169493123047799846464
1262 744641908273002428125162376721799212427264086336
1263 3929345575950093617072185570285402596144868101696
1264 20148753761813555178238634809343623418116278303288
1265 100502228050345297753262510488324786710409279133100
1266 488115426171695214986722069389942584385428767524504
1267 2310392953620294191504202659849529393779634464000220
1268 10666987108889136541123754590721645946116860056345885
1269 48078058502306247682935308088408705018072622947008631
1270 211709242266229810912693653395712717611970086919545472
1271 911469422082496966555717415735527517617059549221186559
1272 3839367624625497778848988232932706194774959456496715337
1273 15833752085403668104502193786944725788479336995537195212
1274 63972311716638575302406216779837395705974324151558052176
1275 253366374986047025726175697060289960101653243330587312508

